# Taylor-Green Vortex, Ma = 0.1, Re = 100, dt/tau = 2, kx = ky = 2 pi, t = ln (2) tc
# Grid-size NX = NY, from 10 to 160 in steps of 5, i.e. 10:160:5

# Bardow (FDM)
3.9456511379763318E-002
1.8245169044572903E-002
1.0150030003094239E-002
6.2719687511141927E-003
4.1561729022147028E-003
2.8893615931925446E-003
2.0909957745753756E-003
1.5846577107303450E-003
1.2685295799189341E-003
1.0792811932757863E-003
9.7469993277532040E-004
9.2492494787406346E-004
9.0870100652383663E-004
9.1169681541394029E-004
9.2490096169349923E-004
9.4296320164636725E-004
9.6283893010476115E-004
9.8285837667405726E-004
1.0021471673375265E-003
1.0202830581750658E-003
1.0370970988515366E-003
1.0525594671014508E-003
1.0667141373083811E-003
1.0796416114464530E-003
1.0914378103650585E-003
1.1022023046510781E-003
1.1120319572033184E-003
1.1210176982583942E-003
1.1292431040035068E-003
1.1367839959259183E-003
1.1437086017976798E-003


# Bardow (FEM)
 4.5966166455027616E-002
 2.1119312964694693E-002
 1.2320273941280548E-002
 8.2359720812452200E-003
 6.0130467274852172E-003
 4.6839815046467240E-003
 3.8267556620624693E-003
 3.2483696811055150E-003
 2.8443043492932772E-003
 2.5517800777733342E-003
 2.3329103119766065E-003
 2.1644833752672019E-003
 2.0319851616428532E-003
 1.9259367534211007E-003
 1.8398482649028317E-003
 1.7691065692768311E-003
 1.7103432658482831E-003
 1.6610500061658429E-003
 1.6193298048648957E-003
 1.5837291491569104E-003
 1.5531212956887937E-003
 1.5266234478308357E-003
 1.5035370607588115E-003
 1.4833042416895756E-003
 1.4654755437243368E-003
 1.4496859207902893E-003
 1.4356365983689751E-003
 1.4230812756900353E-003
 1.4118155291571769E-003
 1.4016686113420746E-003
 1.3924970438681595E-003


 # DUGKS
 8.3893889460499652E-003
 3.8019592721146639E-003
 1.9670166419536606E-003
 1.1628630156656063E-003
 8.4682845209490783E-004
 7.9023267135158671E-004
 8.3494868259177994E-004
 9.1654850576161856E-004
 9.9090215384351941E-004
 1.0478242276729147E-003
 1.0896638009977139E-003
 1.1207662577180221E-003
 1.1445329214853604E-003
 1.1632201145180226E-003
 1.1782763994404504E-003
 1.1906473236250074E-003
 1.2009716780339360E-003
 1.2096973921028960E-003
 1.2171493537243966E-003
 1.2235700154171619E-003
 1.2291445858334299E-003
 1.2340172697140931E-003
 1.2383021271480529E-003
 1.2420905728337029E-003
 1.2454567016858262E-003
 1.2484611603940090E-003
 1.2511540185298040E-003
 1.2535769327123609E-003
 1.2557648030445737E-003
 1.2577470553018224E-003
 1.2595486449322765E-003