10 3.2570187655813566E-004
20 4.2890086534765584E-005
40 5.4372252593279886E-006
80 6.8490708846317973E-007
160 8.7208809816006017E-008
320 1.1666530010836663E-008


#1 SL (quadratic interpolation)
10 29.953850078959622
20  7.8856924682432590
40 2.0002822840063073
80 0.50514221664577119
160 0.12985829792236853
320 3.5943543817188561E-002
640 1.2459035517879842E-002


#2 FDM (isotropic)
10 74.647949597621206
20 20.659742764548295
40 5.3032337344173159
80 1.3378774621607885
160 0.33848187945558750
320 8.8126938222157725E-002
640 2.5506594715744006E-002


#3 FDM (central, second-order)
10 59.765636832568966
20 15.757325889688671
40 3.9953550175014589
80 1.0056242707641232
160 0.25508628934604488
320 6.7257249207469894E-002
640 2.0287857063178996E-002
